84
86
84
91
88
86
87
85
93
85
93
81
85
90
70
75
74
79
81
75
70
78
87
77
81
82
81
84
86
86
86
86
86
86
86
64
86
63
78
64
69
50
89
62
79
89
76
62
62
89
90
81
85
84
85
85
83
78
83
81
83
88
81
80
78
88
80
88
88
88
76
78
83
78
76
78
83
88
88
88
88
88
88
88
90
88
88
91
92
86
86
91
94
79
88
78
75
80
54
59
57
62
49
62
57
84
83
93
76
76
76
76
85
85
85
85
85
85
85
87
77
91
83
83
79
79
80
93
76
91
85
87
83
88
88
84
88
73
84
85
83
82
83
91
88
86
83
62
64
69
62
55
55
70
91
91
93
84
81
84
84
85
74
86
74
95
88
95
86
83
79
90
81
88
68
88
88
93
96
88
83
79
88
81
90
98
92
77
85
88
85
72
85
86
86
86
67
72
74
82
77
82
81
77
81
81
81
81
81
81
81
67
72
72
72
72
72
76
76
76
76
76
76
76
78
91
88
90
88
83
83
88
88
88
88
88
88
88
88
86
84
86
81
93
83
84
92
85
83
79
77
84
89
83
87
84
89
84
84
93
88
88
82
67
89
93
79
81
86
86
77
89
79
62
91
81
84
74
86
71
86
87
82
89
84
86
91
80
69
81
88
73
74
66
64
82
72
84
84
65
84
58
82
70
79
77
80
60
63
75
73
87
61
76
95
64
52
86
84
64
86
86
64
84
84
84
84
84
93
70
82
75
80
80
80
80
83
83
83
83
83
83
83
83
85
67
79
77
89
91
69
80
64
83
83
83
83
69
69
69
69
69
69
69
84
67
84
62
86
53
86
83
83
83
83
83
83
83
76
84
83
83
81
64
83
82
67
89
68
91
80
65
66
67
76
71
59
67
81
62
83
86
86
77
72
84
63
84
75
86
67
55
89
85
64
68
66
83
83
90
61
61
83
59
73
86
90
67
84
67
82
82
82
82
60
60
60
60
60
60
60
78
84
69
79
86
78
71
88
87
87
87
87
87
87
73
73
73
73
73
73
73
71
86
86
86
86
86
86
89
89
89
89
89
89
89
86
86
86
73
73
73
73
88
85
88
66
83
92
76
69
74
71
71
81
67
68
69
89
79
62
77
75
86
91
75
70
74
55
58
77
76
88
90
66
73
81
78
86
65
84
55
83
80
90
93
79
84
65
84
81
81
87
74
65
86
86
86
86
83
83
83
83
83
83
62
79
82
63
79
62
62
62
81
81
81
81
81
83
88
90
76
81
66
56
92
64
80
57
81
91
68
76
83
63
86
73
79
77
75
77
67
79
79
79
79
79
79
62
62
62
62
62
60
60
75
75
75
75
57
70
68
64
64
64
64
64
84
85
85
57
90
81
85
82
76
86
86
55
74
62
62
62
83
66
62
93
83
78
74
61
58
92
57
83
69
78
84
79
86
64
59
89
62
71
88
78
79
69
81
81
86
86
86
65
77
77
77
72
72
72
72
79
75
70
69
95
84
87
75
82
75
85
83
73
73
73
73
73
83
83
83
83
83
83
83
86
74
70
82
77
76
71
84
74
58
80
72
60
70
61
66
73
61
65
84
71
61
64
87
63
75
76
68
71
71
71
71
71
71
71
72
67
67
67
67
67
67
65
58
68
77
79
60
94
61
63
90
82
80
73
90
80
68
81
93
57
78
61
86
90
87
72
90
66
81
84
79
60
67
72
62
79
89
58
67
65
84
72
73
94
87
73
80
63
63
63
85
85
85
85
57
57
79
89
73
79
71
93
88
69
86
70
84
87
84
72
91
70
51
53
89
84
89
82
64
66
85
71
61
89
82
61
69
83
73
73
73
73
79
79
79
79
79
79
79
81
81
81
81
81
81
81
75
75
75
75
75
75
75
69
89
61
83
63
90
71
57
64
84
74
86
93
83
70
74
67
53
73
69
74
89
67
67
92
63
79
89
56
53
58
80
67
73
87
75
78
73
80
78
66
60
69
69
55
67
76
69
71
65
66
83
69
69
86
84
86
58
60
82
77
80
60
83
67
88
79
80
63
62
90
90
90
90
90
90
70
58
70
72
60
65
72
89
81
69
61
79
80
71
90
86
67
76
82
79
71
76
88
81
88
81
74
78
78
74
72
65
84
63
75
74
74
74
74
74
74
74
81
73
64
85
69
83
73
59
80
76
83
83
83
83
83
74
74
74
83
83
83
83
60
96
96
96
96
96
96
72
72
72
72
84
72
72
90
69
73
76
81
69
79
72
62
86
72
62
89
72
73
61
80
80
87
81
90
82
82
82
82
82
82
82
67
62
74
62
64
67
67
64
72
66
64
69
69
57
66
71
64
72
71
71
71
64
64
64
64
64
64
64
57
57
69
69
69
69
69
67
67
67
67
67
67
67
58
58
58
58
58
58
58
64
64
68
68
68
68
68
71
71
71
71
71
71
71
70
70
70
70
70
70
70
74
74
74
74
74
74
74
62
62
62
62
62
62
62
72
72
72
72
72
72
72
55
55
55
55
55
55
55
60
60
60
68
48
69
69
62
76
57
67
65
65
52
67
55
62
55
71
71
74
62
61
59
57
72
69
57
70
67
69
75
67
62
54
67
65
65
74
57
60
69
67
60
56
72
60
63
67
65
63
74
65
67
72
64
62
71
67
62
55
70
62
56
67
58
65
65
65
65
71
71
70
68
60
69
69
63
63
74
58
60
67
51
63
63
70
63
68
68
72
62
59
65
62
66
60
72
67
63
64
67
67
72
58
65
65
75
66
65
59
59
61
74
77
73
61
64
64
71
78
71
79
73
76
69
71
66
57
68
79
61
57
64
71
59
67
66
67
66
71
71
73
79
79
79
79
66
66
76
76
74
73
74
87
81
85
88
81
82
86
84
79
85
84
89
98
91
77
82
78
78
76
76
76
69
67
66
69
60
66
68
86
98
74
86
76
86
91
82
81
82
82
78
78
78
76
85
87
81
86
83
85
83
84
81
83
84
79
86
74
74
74
74
63
71
68
88
90
89
84
84
85
81
86
79
79
84
79
84
79
84
79
87
87
87
87
87
85
85
85
82
88
93
94
79
84
83
89
81
79
79
60
70
67
72
65
74
58
83
83
79
81
76
83
81
87
81
84
87
84
82
82
75
75
80
89
64
67
84
91
98
89
87
98
89
94
84
79
74
81
74
74
74
74
74
89
88
82
89
89
82
84
94
73
76
89
84
77
85
79
81
83
85
81
81
91
76
88
83
91
84
84
84
86
87
95
87
91
82
76
86
91
91
79
81
79
79
83
83
83
95
71
88
88
73
81
86
87
76
93
94
86
85
98
95
88
88
88
71
71
71
71
71
81
81
69
69
94
94
94
94
94
86
74
74
74
74
74
74
85
85
91
91
91
91
91
79
86
86
86
86
86
86
85
85
85
85
85
85
85
76
76
76
76
76
76
76
89
87
90
86
91
85
85
89
87
84
79
72
94
86
86
86
88
98
89
86
85
85
85
73
88
78
85
75
97
88
95
83
89
90
85
78
95
90
90
83
90
95
95
90
92
90
87
92
92
85
85
90
83
83
83
92
76
87
87
83
85
80
95
87
84
84
89
91
84
87
94
84
72
90
96
91
91
86
89
78
96
84
84
81
76
81
84
90
86
69
79
89
83
80
84
84
88
87
81
81
89
79
90
90
83
83
83
84
90
79
86
79
95
73
78
83
77
84
81
67
71
74
84
83
84
84
84
70
86
76
89
77
77
86
77
92
77
93
77
84
72
81
96
86
90
103
83
75
70
65
77
63
75
67
